1.000000000000000222e+00 1.197624929303643816e-11 1.704637994953052827e-10 -5.551115123125782702e-17 1.197625250050920743e-11 1.000000000000000000e+00 3.562502997033688734e-10 1.387778780781445676e-17 1.704638000188133909e-10 3.562503002113856206e-10 1.000000000000000222e+00 3.330669073875469621e-16
9.999998424729864555e-01 -5.115889994873483492e-04 -2.309349986035770757e-04 -4.463209550762361165e-03 5.116959598229789625e-04 9.999997618565243940e-01 4.630917204495216028e-04 -3.328288872119888886e-02 2.306983918018318291e-04 -4.632091124255794420e-04 9.999998661077377227e-01 1.311402920719914267e+00
9.999986477896101178e-01 -1.615527640704707453e-03 -3.073940286920596380e-04 -1.572146110252293713e-02 1.615765136974549017e-03 9.999983954859351654e-01 7.735161168844541810e-04 -4.813551176690511468e-02 3.061442663269894893e-04 -7.740110492430701383e-04 9.999996535910822271e-01 2.625521389219868329e+00
9.999968694565640748e-01 -2.418992516531573173e-03 -6.399642720244280757e-04 -2.227058322944182669e-02 2.419331018463706517e-03 9.999969338034130351e-01 5.284112350528611876e-04 -8.198231086900292786e-02 6.386844824304058850e-04 -5.299571628503168446e-04 9.999996556140953174e-01 3.941130133354284304e+00
9.999952308761473896e-01 -3.083242091742576137e-03 -1.784573385341541897e-04 -3.144405205179993945e-02 3.083282652637733910e-03 9.999952210875003855e-01 2.261996583465634969e-04 -1.011141527632334336e-01 1.777594137349410995e-04 -2.267481037375520007e-04 9.999999584934964325e-01 5.257861179769636628e+00
9.999943642235717967e-01 -3.336550190744106033e-03 -3.727702147186056042e-04 -4.273027303947823929e-02 3.336849724797616261e-03 9.999941085458718959e-01 8.051732402370756318e-04 -1.215544936276746063e-01 3.700818907001986245e-04 -8.064118817814372973e-04 9.999996063694609472e-01 6.589029152857736271e+00
9.999892319409040553e-01 -4.625554169357670720e-03 -3.745076077602913639e-04 -3.954902213707639502e-02 4.626345921880341619e-03 9.999870070722274296e-01 2.140702435218438515e-03 -1.539703912786793694e-01 3.646011804846967827e-04 -2.142411312226975492e-03 9.999976385661604183e-01 7.910806553734482272e+00
9.999885598046995838e-01 -4.781692240531492874e-03 -1.252391026210713338e-04 -5.113002369447097739e-02 4.781982962560035744e-03 9.999856108061760951e-01 2.431217086824524840e-03 -1.696933187621311734e-01 1.136123214298529176e-04 -2.431787496342464883e-03 9.999970367451340714e-01 9.238491839903291591e+00
9.999927688147914884e-01 -3.697312085739773262e-03 -8.900586434750052626e-04 -7.470168757733089415e-02 3.698336376274499824e-03 9.999924979959077254e-01 1.151632090315493455e-03 -2.015851377862017402e-01 8.857944399559943482e-04 -1.154914807041737199e-03 9.999989407697226218e-01 1.057804256838150359e+01
9.999993010033725316e-01 -1.001317171641844016e-03 -6.287740289558072827e-04 -8.054388779856279379e-02 1.000610869983146805e-03 9.999988691034124022e-01 -1.122749659986682202e-03 -2.239985872826120161e-01 6.298979397311204242e-04 1.122120451945260835e-03 9.999991720382465088e-01 1.191057889044472162e+01
9.999973096952012863e-01 2.238357728231763367e-03 -6.085653600269143532e-04 -9.281344105680337797e-02 -2.239712156853005016e-03 9.999949966628082221e-01 -2.233906825984950922e-03 -2.511216048911780740e-01 6.035624225767286877e-04 2.235264581693228135e-03 9.999973196509075457e-01 1.324644325627898844e+01
9.999891029483901628e-01 4.637110637489664199e-03 -5.396104754373754961e-04 -1.138049109495904432e-01 -4.638275436132342777e-03 9.999868729880817542e-01 -2.177213436475838003e-03 -2.765820379331321299e-01 5.295077960235052743e-04 2.179693324771482185e-03 9.999974842781367279e-01 1.458843498473322065e+01
9.999850056845164259e-01 5.469507747836861201e-03 -2.699628574892144555e-04 -1.287098673208495192e-01 -5.469887871621070125e-03 9.999840222574195581e-01 -1.426732375893387163e-03 -3.043703037046311954e-01 2.621553819024404711e-04 1.428188385830073560e-03 9.999989457769218326e-01 1.593493798027975572e+01
9.999939544818954307e-01 3.477206988943338725e-03 4.994350837961463978e-06 -1.326450943840891405e-01 -3.477210512836293507e-03 9.999934060199048291e-01 1.047344914733914882e-03 -3.307336613581584595e-01 -1.352141438696350350e-06 -1.047355260206281249e-03 9.999994515217457414e-01 1.728831434883298002e+01
9.999993242616628253e-01 -1.063059885300376506e-03 4.705130337072548552e-04 -1.326108183856366529e-01 1.061644335585169721e-03 9.999949399803228500e-01 2.998820962389423493e-03 -3.576216449584996848e-01 -4.736982758393184448e-04 -2.998318763886173317e-03 9.999953928342887322e-01 1.863418604753909946e+01
9.999953678585872252e-01 -3.039264975722062896e-03 -1.647227918926269248e-04 -1.449380475101388899e-01 3.039475798681372156e-03 9.999945439317894369e-01 1.293712093126059845e-03 -3.875085813169418247e-01 1.607903150457142178e-04 -1.294206082218639017e-03 9.999991495875399927e-01 1.999901336984639855e+01
9.999927894447449006e-01 -3.796698504713351234e-03 7.838495193199880367e-05 -1.430523698540227262e-01 3.796787222185175892e-03 9.999921183401575542e-01 -1.160886632836865672e-03 -4.088634426613503292e-01 -7.397646356592953696e-05 1.161176611533019194e-03 9.999993230986253812e-01 2.135051791211359884e+01
9.999985671265676501e-01 -1.600880387162806643e-03 5.503910706743819379e-04 -1.455798563453910288e-01 1.602019012258170056e-03 9.999965653004834198e-01 -2.074347417223963968e-03 -4.539441844705130458e-01 -5.470681049869763075e-04 2.075226936962859189e-03 9.999976970729546055e-01 2.271082482586626128e+01
9.999988317341369504e-01 7.809371048640727144e-04 1.314027802383686350e-03 -1.797864210189932532e-01 -7.796926548406858150e-04 9.999992473353984668e-01 -9.473162375169188066e-04 -4.567722543393833989e-01 -1.314766378743325963e-03 9.462913245633829346e-04 9.999986879594187084e-01 2.407730389984099872e+01
9.999969926294258737e-01 8.030412466012597011e-04 2.317295880676011749e-03 -1.687997267018084557e-01 -8.102277994553602628e-04 9.999948605959638748e-01 3.101986093150198211e-03 -4.781059843812709431e-01 -2.314792800677903297e-03 -3.103853649339469081e-03 9.999925038810539846e-01 2.545780361132049663e+01
9.999966435370826190e-01 -1.243732333316904023e-03 2.272894822457331102e-03 -1.756748220167713981e-01 1.234171519425654668e-03 9.999904054725059499e-01 4.203068742140205968e-03 -4.985159671276772619e-01 -2.278100355799343463e-03 -4.200248860182617151e-03 9.999885840141238269e-01 2.682661993293610792e+01
9.999870502451543297e-01 -4.536658280040318895e-03 2.306097153618604390e-03 -1.677317200121165863e-01 4.528499925680933014e-03 9.999835126960949783e-01 3.530867166337357983e-03 -5.408359416143432297e-01 -2.322077322280643660e-03 -3.520377633270784217e-03 9.999911074050672477e-01 2.820048895897735619e+01
9.999840062896216963e-01 -5.223569651312881187e-03 2.168293311436736599e-03 -1.837926051740162714e-01 5.222366379501026945e-03 9.999862063232858311e-01 5.603988113011230000e-04 -5.455330467068995048e-01 -2.171190526683138434e-03 -5.490655189662121830e-04 9.999974922236632979e-01 2.956609303199050842e+01
9.999831585536733680e-01 -4.943481713093246348e-03 3.040494972712011121e-03 -1.749737392385910251e-01 4.947139719012008489e-03 9.999870468430920312e-01 -1.196639814303423512e-03 -5.930658607679715200e-01 -3.034539937795998569e-03 1.211662157160183157e-03 9.999946617046582276e-01 3.094823018879256438e+01
9.999918605124080706e-01 -2.394404625696130908e-03 3.247421295090077709e-03 -1.962450753503407197e-01 2.402707329487004106e-03 9.999938490434807647e-01 -2.555164546680499874e-03 -6.000201397450652951e-01 -3.241283157385237840e-03 2.562947119298412176e-03 9.999914626549012420e-01 3.233200794198121741e+01
9.999923763825554479e-01 -6.538642564053722891e-04 3.849629400158136473e-03 -1.910048275325481049e-01 6.704058693241176856e-04 9.999905422735343441e-01 -4.297198219557384763e-03 -6.435050041543197707e-01 -3.846783194617774040e-03 4.299747074278934163e-03 9.999833570779020908e-01 3.372290573856634666e+01
9.999914055343864794e-01 7.588857023198398945e-05 4.145250997243644063e-03 -2.029261104210945410e-01 -5.848675558023813556e-05 9.999911867814371691e-01 -4.197967736044774974e-03 -6.696241283506536579e-01 -4.145533054745405982e-03 4.197690012910990434e-03 9.999825968247038066e-01 3.511147413217349111e+01
9.999935451317698565e-01 -6.023737525456324864e-04 3.542153059637985664e-03 -1.941037178448433154e-01 6.120973305417953553e-04 9.999960461256865996e-01 -2.744643009106680857e-03 -7.044552758234556844e-01 -3.540485713907590062e-03 2.746794205117078589e-03 9.999899599892970725e-01 3.650802196372881525e+01
9.999928927238987963e-01 8.122405192215269819e-04 3.681680681399826863e-03 -1.964768284347145066e-01 -8.080886349265369029e-04 9.999990360973373127e-01 -1.129069097126969351e-03 -7.314012999958087180e-01 -3.682594179515914692e-03 1.126086685179637304e-03 9.999925851841727775e-01 3.791163353231183208e+01
9.999886098258757849e-01 3.343789284888464605e-03 3.405773366162588491e-03 -2.037957836953611934e-01 -3.340344747842050738e-03 9.999939042695665803e-01 -1.016624504954252717e-03 -7.636767812253753007e-01 -3.409151931803918335e-03 1.005237200686877460e-03 9.999936835680474090e-01 3.930087412528180835e+01
9.999776318268023267e-01 5.648529290235087923e-03 3.581893174973738679e-03 -2.243972545523524875e-01 -5.644584422895855720e-03 9.999834525013526765e-01 -1.110585314928489624e-03 -7.919261636651224734e-01 -3.588107040811592489e-03 1.090342907235545156e-03 9.999929682926504970e-01 4.069765834964862705e+01
9.999617148374132514e-01 7.892112439986489689e-03 3.779340056427954279e-03 -2.195966089750810146e-01 -7.889156964072370146e-03 9.999685629823815702e-01 -7.964074672051982013e-04 -8.177912766795575328e-01 -3.785506562622887629e-03 7.665618942368637246e-04 9.999925411305413681e-01 4.210313599882176305e+01
9.999521537368634139e-01 9.108840750640752673e-03 3.566404939293463337e-03 -2.332376988163399056e-01 -9.106322806351012031e-03 9.999582760990665120e-01 -7.217789135910216954e-04 -8.493191301166463925e-01 -3.572830666283892138e-03 6.892682664553106573e-04 9.999933798702429488e-01 4.351312231523598939e+01
9.999619968402475578e-01 8.104216017672045275e-03 3.213494534181554358e-03 -2.313657548598640479e-01 -8.101996831065405927e-03 9.999669310703777070e-01 -7.031566170063746233e-04 -8.808708993546974231e-01 -3.219086732645709634e-03 6.770948944750141774e-04 9.999945894942123825e-01 4.493032960913777174e+01
9.999686165618830724e-01 7.496061482212618837e-03 2.564165190780914264e-03 -2.401340729878150559e-01 -7.492698694620842509e-03 9.999710597884839958e-01 -1.318736353290406301e-03 -9.113684785530673516e-01 -2.573976190188387997e-03 1.299483184030465711e-03 9.999958429846361740e-01 4.634106764164999959e+01
9.999740386370671308e-01 7.046429570252673094e-03 1.506609067259462222e-03 -2.373759003843203541e-01 -7.045226808246899883e-03 9.999748601314896179e-01 -8.024322905764011069e-04 -9.427921610644952599e-01 -1.512225261876966364e-03 7.917977796499024810e-04 9.999985431133701086e-01 4.777676911238167889e+01
9.999740753336564536e-01 7.180112585561797614e-03 5.427985250993776515e-04 -2.597202686573880093e-01 -7.180075751258510434e-03 9.999742204396518952e-01 -7.059003592820163023e-05 -9.654343407698872115e-01 -5.432910819007197127e-04 6.669158011812488605e-05 9.999998501929328043e-01 4.916807264411368550e+01
9.999706248591723190e-01 7.656407441824848899e-03 -3.589248053535543472e-04 -2.601143011155311324e-01 -7.656413486061640523e-03 9.999706891445203638e-01 -1.415215169890499511e-05 -9.909644357628025757e-01 3.588063010617962949e-04 1.690051937965758588e-05 9.999999354865890533e-01 5.059962692139677642e+01
9.999667750395307975e-01 8.029989718644974656e-03 -1.402876288393024255e-03 -2.793747944978475228e-01 -8.029884699810210802e-03 9.999677566977647203e-01 8.083043490757875135e-05 -1.020974531090212745e+00 1.403480581659234802e-03 -6.956211060991140320e-05 9.999990127027613696e-01 5.204189025513135647e+01
9.999643818662513617e-01 8.003772583118930889e-03 -2.678544341846850457e-03 -2.896502927479133738e-01 -8.000710006921993647e-03 9.999673298672653310e-01 1.152326251515012768e-03 -1.044306407833154093e+00 2.687680359138912636e-03 -1.130854269333190446e-03 9.999957487649551169e-01 5.344566104792207284e+01
9.999731152477310259e-01 6.508051967561343486e-03 -3.378464103202212694e-03 -3.064324694385752723e-01 -6.501010043122631976e-03 9.999766814277263327e-01 2.091287844410479307e-03 -1.072537685284978393e+00 3.391996160997931987e-03 -2.069267527547029133e-03 9.999921062187404619e-01 5.489890130420975112e+01
9.999802839238854935e-01 4.897650246980816795e-03 -3.929982963434183393e-03 -3.134045798562330454e-01 -4.888644508855996551e-03 9.999854101576588494e-01 2.297964064056440704e-03 -1.100358634770466804e+00 3.941180925329232365e-03 -2.278705806875348881e-03 9.999896372462642180e-01 5.630966973355508287e+01
9.999857094500396171e-01 2.868766325204286267e-03 -4.511214750645631093e-03 -3.268855651675831031e-01 -2.860492635931185385e-03 9.999942169957595217e-01 1.839446740216080711e-03 -1.130982443519268577e+00 4.516466328988060115e-03 -1.826515486213651281e-03 9.999881326208140964e-01 5.772650740754828291e+01
9.999881171881576103e-01 1.904839194865178215e-03 -4.487433015538348259e-03 -3.323104096609232339e-01 -1.895173703963592927e-03 9.999958774129015238e-01 2.157192571541247973e-03 -1.160283753785575911e+00 4.491524342726529659e-03 -2.148661807847138203e-03 9.999876046583962008e-01 5.918672831515740285e+01
9.999918138386836297e-01 6.130812183049531286e-04 -3.999546932330681932e-03 -3.472187973790977766e-01 -6.021097076746061757e-04 9.999960544535325679e-01 2.743819542061937209e-03 -1.186610218109004133e+00 4.001214017338783520e-03 -2.741388259853128149e-03 9.999882374726101197e-01 6.058527239034884815e+01
9.999926961971846717e-01 -1.047625774835414091e-03 -3.675598542911995281e-03 -3.525870232093744616e-01 1.060079546521500594e-03 9.999936991866043012e-01 3.387893305039891678e-03 -1.212737440435238012e+00 3.672026793286922372e-03 -3.391764343834929515e-03 9.999875060014238315e-01 6.204065436330866845e+01
9.999909272755284073e-01 -2.798011504771612083e-03 -3.211929949131354326e-03 -3.649002842288037729e-01 2.807999764229308134e-03 9.999912233867499500e-01 3.109386878445375042e-03 -1.241728704387936810e+00 3.203202273276819188e-03 -3.118377115738075241e-03 9.999900075617994544e-01 6.346002464913285479e+01
9.999901621467438551e-01 -3.628081624527752878e-03 -2.551985882235123602e-03 -3.723483161783789908e-01 3.633687785413463895e-03 9.999909880357163994e-01 2.195485902872798285e-03 -1.268823499811002842e+00 2.543998039671018646e-03 -2.204736754130530701e-03 9.999943335905473463e-01 6.486991866652175531e+01
9.999905756177271954e-01 -3.863976206360480656e-03 -1.979485747503206914e-03 -3.844591406431513980e-01 3.867900719291201758e-03 9.999905545216832836e-01 1.982475434322093083e-03 -1.300980158606309223e+00 1.971807321801549284e-03 -1.990112530395874834e-03 9.999960757073788065e-01 6.630046149435743530e+01
9.999967616695132344e-01 -2.172529903523661137e-03 -1.325429790978545396e-03 -3.990620676085567808e-01 2.174953528321375232e-03 9.999959608074069362e-01 1.829739118955945936e-03 -1.328353963380252578e+00 1.321449728554477962e-03 -1.832615264866135213e-03 9.999974476430574244e-01 6.769165446212846859e+01
9.999997684952293131e-01 4.160957531067046092e-04 -5.383973394337771218e-04 -4.144717878421450563e-01 -4.145323391572212500e-04 9.999957070738221265e-01 2.900689772084493693e-03 -1.357647611992375269e+00 5.396023816145625700e-04 -2.900465262875114979e-03 9.999956480545898474e-01 6.915368998958192037e+01
9.999912413352147755e-01 4.176838417335581449e-03 2.669575020887559463e-04 -4.209235083334562089e-01 -4.177932664379263063e-03 9.999822918011880279e-01 4.238039115851359624e-03 -1.384600685062931769e+00 -2.492508472333482164e-04 -4.239116700822994493e-03 9.999909838383009841e-01 7.053564415896454420e+01
9.999690034758651480e-01 7.802178234398086769e-03 1.057396813178898293e-03 -4.349750288257454578e-01 -7.807162363379249737e-03 9.999580323045713648e-01 4.793940694135811337e-03 -1.412139903810122554e+00 -1.019948998922051101e-03 -4.802046754573939709e-03 9.999879499489136014e-01 7.198671495582553348e+01
9.999247417021148721e-01 1.214824886604990578e-02 1.712003505712680852e-03 -4.469798165499707654e-01 -1.215568832548636659e-02 9.999164196243731650e-01 4.403753048182746689e-03 -1.433439031656084328e+00 -1.658362324342219779e-03 -4.424231592964044876e-03 9.999888379378952807e-01 7.335587638894823215e+01
9.998747211752232467e-01 1.562978497120103352e-02 2.500348134187457914e-03 -4.590561247788579879e-01 -1.563956459907200544e-02 9.998699303106419745e-01 3.940371173004075279e-03 -1.459093624096645669e+00 -2.438435623511899311e-03 -3.978981260088192660e-03 9.999891108057377132e-01 7.474024268489222322e+01
9.998433070938409495e-01 1.738959848246826936e-02 3.311054726825502469e-03 -4.660742385862893244e-01 -1.740193429917807205e-02 9.998416036503120496e-01 3.733677030756420330e-03 -1.483304515970453208e+00 -3.245603054842914181e-03 -3.790710119860243345e-03 9.999875482057839493e-01 7.616302148979316655e+01
9.998402016285340421e-01 1.747768623976396138e-02 3.755216455868880428e-03 -4.722900327582514324e-01 -1.749314763679758050e-02 9.998384765812962094e-01 4.124389127856641080e-03 -1.509269538698182478e+00 -3.682525089405180169e-03 -4.189419993635990110e-03 9.999844437574673117e-01 7.752532050439842237e+01
9.998679308989376624e-01 1.584777782252971487e-02 3.601203035822553560e-03 -4.733132909407302691e-01 -1.586218339933069196e-02 9.998661577682707025e-01 4.007210205979756454e-03 -1.537491500079849471e+00 -3.537215621511914654e-03 -4.063803297305808825e-03 9.999854866929976938e-01 7.896112625240668592e+01
9.998723143026815308e-01 1.555822253039271415e-02 3.646473521341435636e-03 -4.807793966829845278e-01 -1.556963308779633730e-02 9.998739127826844486e-01 3.121715269978697551e-03 -1.564802422316634134e+00 -3.597445368338148507e-03 -3.178090285613784094e-03 9.999884789926855033e-01 8.032104566276490232e+01
9.998788667889627613e-01 1.520303899826647327e-02 3.334564623459679213e-03 -4.814782315539073432e-01 -1.521362165401334877e-02 9.998792371272575696e-01 3.171264864258481649e-03 -1.593059285152937710e+00 -3.285949003615893423e-03 -3.221610883390200152e-03 9.999894118199780246e-01 8.171697892996695600e+01
9.998904437081184149e-01 1.448418362707839559e-02 3.051061299618871691e-03 -4.902353697098646435e-01 -1.449405995435409759e-02 9.998897067053300614e-01 3.239859748195438212e-03 -1.617166371131439462e+00 -3.003797975728226839e-03 -3.283726427537649647e-03 9.999900971152049234e-01 8.314585321649062166e+01
9.998898508755850179e-01 1.460329929310316167e-02 2.651364525827014113e-03 -4.960046423658150960e-01 -1.461098434775348273e-02 9.998890417031249811e-01 2.902319561488749151e-03 -1.648850041692978774e+00 -2.608686771851418534e-03 -2.940738273720502460e-03 9.999922733715639334e-01 8.451573853497778543e+01
9.998884963816384586e-01 1.481210725526232834e-02 1.896377674596034721e-03 -5.004618946373414756e-01 -1.481799299769015650e-02 9.998853157890400523e-01 3.127681951673689283e-03 -1.671084974031848303e+00 -1.849832443320639352e-03 -3.155433074515838834e-03 9.999933106547690409e-01 8.589531598388879274e+01
9.999044323158146064e-01 1.379100806617201275e-02 9.665915941722134268e-04 -5.081372873581797567e-01 -1.379464259032299640e-02 9.998974019722649542e-01 3.859197281049472298e-03 -1.697279626027087929e+00 -9.132699370111816177e-04 -3.872161625753277152e-03 9.999920861165049191e-01 8.725776666509256074e+01
9.999271194073136027e-01 1.207048545747773163e-02 -2.433622405885561900e-04 -5.131757447917999482e-01 -1.206915579949786356e-02 9.999152647079154743e-01 4.878413331380878314e-03 -1.723970847046221611e+00 3.022268059336921274e-04 -4.875120006019370913e-03 9.999880708581838640e-01 8.863000806239929830e+01
9.999535094478605446e-01 9.497150662994124221e-03 -1.668246687005219388e-03 -5.286655275617723193e-01 -9.487954500678423900e-03 9.999402079590488102e-01 5.436842226349023616e-03 -1.747347532103148859e+00 1.719781938803917939e-03 -5.420760618885846378e-03 9.999838287202358345e-01 9.002061163342061434e+01
9.999642016767497088e-01 8.113715708666192211e-03 -2.400616394139844408e-03 -5.376723128373884775e-01 -8.100621707771215457e-03 9.999525277997062256e-01 5.414988304207679799e-03 -1.772697875839504889e+00 2.444438658484871397e-03 -5.395347373440087003e-03 9.999824573190486676e-01 9.138218123550775829e+01
9.999745558591360828e-01 6.671944491481969670e-03 -2.524434796993911285e-03 -5.482644452959304360e-01 -6.659102303523723593e-03 9.999650158049369075e-01 5.061970183391127642e-03 -1.797868462410111334e+00 2.558120226398102187e-03 -5.045030310425129873e-03 9.999840017171429674e-01 9.274073862916219468e+01
9.999798650843986225e-01 5.609481583995729742e-03 -2.967005812913596670e-03 -5.643401833101071574e-01 -5.595389495499114053e-03 9.999731264569267086e-01 4.736876278929141176e-03 -1.821332212378694804e+00 2.993498096454063305e-03 -4.720178736381626036e-03 9.999843793197600306e-01 9.409064859364686129e+01
9.999791258938203198e-01 5.591339909009299981e-03 -3.238004831247345752e-03 -5.793283373207485099e-01 -5.577725845017536370e-03 9.999756307453837589e-01 4.198440861120183304e-03 -1.842821888559217802e+00 3.261401452889009858e-03 -4.180291895957195629e-03 9.999859441128388093e-01 9.545593637557658440e+01
9.999794230945854290e-01 5.512385839766570372e-03 -3.281306212341425152e-03 -5.969676921590536534e-01 -5.500938857418363227e-03 9.999787882663968563e-01 3.487506827705369981e-03 -1.869740664427230969e+00 3.300461715611773591e-03 -3.469384163488368079e-03 9.999885350992396837e-01 9.681783391685118545e+01
9.999748901273923796e-01 6.399904094350910427e-03 -3.043077641852886314e-03 -6.137857259678649591e-01 -6.391176913277114673e-03 9.999754601696868583e-01 2.869134429911688895e-03 -1.898674958808319824e+00 3.061365751890790000e-03 -2.849612889743156820e-03 9.999912538368047610e-01 9.818530013513701249e+01
9.999674625956774809e-01 7.602490015008549901e-03 -2.697382565814046129e-03 -6.333254792574184444e-01 -7.594340846247883171e-03 9.999666058710876548e-01 3.018799299943156211e-03 -1.920299259080678445e+00 2.720243453284415004e-03 -2.998215588034379691e-03 9.999918054572939363e-01 9.953458478218131233e+01
9.999640247635539492e-01 8.094397687316255696e-03 -2.535721015407750491e-03 -6.494760100258978319e-01 -8.083198406895976754e-03 9.999576661419564694e-01 4.396345039555498053e-03 -1.951063745488803791e+00 2.571199994808346951e-03 -4.375689525925860468e-03 9.999871210534093668e-01 1.008922129416592099e+02
9.999589399311766824e-01 8.670947332548455816e-03 -2.633077776840693496e-03 -6.614809559051446630e-01 -8.655844991807820979e-03 9.999463256471600170e-01 5.694049296479035405e-03 -1.970398740381524183e+00 2.682309821157283572e-03 -5.671023393395483586e-03 9.999803221601456515e-01 1.022182810590981035e+02
9.999644748010272366e-01 8.102009584864636182e-03 -2.325199651466625887e-03 -6.731296718900134923e-01 -8.091445084913207603e-03 9.999570585789699928e-01 4.517691550238303599e-03 -1.997049591312459293e+00 2.361702727856078605e-03 -4.498716217316073816e-03 9.999870918731188496e-01 1.035658946400099296e+02
9.999625423113666089e-01 8.381149041691187893e-03 -2.161085706843366046e-03 -6.886474580805380663e-01 -8.376598143273366118e-03 9.999626967376349373e-01 2.106598479169140888e-03 -2.021433406518386100e+00 2.178661333265686020e-03 -2.088416361156793331e-03 9.999954459668521922e-01 1.049137381412434848e+02
9.999659000130063369e-01 7.995701603148447009e-03 -2.065803671340838126e-03 -7.010508884387616213e-01 -7.993728108965073367e-03 9.999675868680496515e-01 9.620510483912913082e-04 -2.048060372374829630e+00 2.073429501658156753e-03 -9.455040834984656346e-04 9.999974034545322521e-01 1.062421257013647562e+02
9.999819486300939309e-01 5.650538330022793036e-03 -2.042991465593743759e-03 -7.155076174634090735e-01 -5.646236935445748430e-03 9.999818437484471190e-01 2.105278021032749684e-03 -2.077167184645113185e+00 2.054850842535617221e-03 -2.093704138740287105e-03 9.999956969873489143e-01 1.075869527455709402e+02
9.999953281427224061e-01 2.609792748569938776e-03 -1.591435104618963651e-03 -7.224664011522490270e-01 -2.603296370078987589e-03 9.999883261620299280e-01 4.070675270073460285e-03 -2.097874325750367586e+00 1.602040624602465773e-03 -4.066512646161655857e-03 9.999904484241388669e-01 1.088884091920642021e+02
9.999993677509930734e-01 7.419503769164923846e-04 -8.449873144337654348e-04 -7.320400815849764653e-01 -7.380289465894353642e-04 9.999890011247944965e-01 4.631732881111755122e-03 -2.126435370029544192e+00 8.484149526981117238e-04 -4.631105707642874797e-03 9.999889164627308036e-01 1.102557080937667564e+02
9.999998999448372894e-01 4.429699112463170987e-04 -6.234226947875917940e-05 -7.384888253514053646e-01 -4.427506481668610594e-04 9.999938668264637398e-01 3.474231756259252638e-03 -2.150352899226534831e+00 6.388121628540531006e-05 -3.474203162947087174e-03 9.999939628954715998e-01 1.115795878037772439e+02
9.999971164643894905e-01 2.279533350066790479e-03 7.555049472506900456e-04 -7.457143364905268745e-01 -2.280370747997792925e-03 9.999967847553665745e-01 1.109231058487518884e-03 -2.172901259755140924e+00 -7.529737109099945980e-04 -1.110950001922888153e-03 9.999990994083804985e-01 1.128928225359263138e+02
9.999852475969100984e-01 5.082704623771559967e-03 1.915906027593798980e-03 -7.544953452983186315e-01 -5.081186286456745166e-03 9.999867733358855926e-01 -7.966855658649369320e-04 -2.206563581263864648e+00 -1.919929826237961852e-03 7.869394630249028789e-04 9.999978472940582730e-01 1.142332774989446449e+02
9.999659930346102010e-01 7.556055686228344004e-03 3.304358782060517336e-03 -7.642442089760594914e-01 -7.552697133463306955e-03 9.999709497394650981e-01 -1.027841170200589774e-03 -2.227581565746068026e+00 -3.312029154945922167e-03 1.002850124418044019e-03 9.999940123567411243e-01 1.155539692405977519e+02
9.999470539301201777e-01 9.027222786703240423e-03 4.939491270254214687e-03 -7.653608554632538308e-01 -9.031567419500653726e-03 9.999588465968332063e-01 8.578597279691733187e-04 -2.257332343331390323e+00 -4.931543978193915663e-03 -9.024249644210775899e-04 9.999874326675677327e-01 1.169047036927636327e+02
9.999487264935751352e-01 8.387695941965500959e-03 5.673705326211819951e-03 -7.695928223411557800e-01 -8.405614861243642863e-03 9.999597368496838667e-01 3.141709721767815128e-03 -2.281032575481526159e+00 -5.647125313411020461e-03 -3.189238969454098651e-03 9.999789691371802069e-01 1.182175005651165947e+02
9.999446192251801868e-01 8.074241995250726681e-03 6.750192023671686484e-03 -7.670447905668383859e-01 -8.099712819167553465e-03 9.999601484422142583e-01 3.754490806638004739e-03 -2.307551555480482630e+00 -6.719608575125563671e-03 -3.808956860379096154e-03 9.999701689012628902e-01 1.195670033329736412e+02
9.999327709793796037e-01 8.537006257547217689e-03 7.846848988714311829e-03 -7.637454937895288287e-01 -8.561229829253025683e-03 9.999586743467192562e-01 3.058588651349811432e-03 -2.330161793945918713e+00 -7.820413840155348087e-03 -3.125561052562327111e-03 9.999645353608146436e-01 1.209019686334728618e+02
9.999109924014698558e-01 9.827871465926313332e-03 9.023314685711308208e-03 -7.689675150799760717e-01 -9.851628854911373759e-03 9.999481117271807884e-01 2.592158782500396299e-03 -2.351849700041325431e+00 -8.997371496114027131e-03 -2.680821748800459470e-03 9.999559292710845648e-01 1.222311470962372226e+02
9.998815637177220772e-01 1.152826438879530312e-02 1.019596214302096598e-02 -7.671772643606179498e-01 -1.155139750126666677e-02 9.999308319768498432e-01 2.212805333095302623e-03 -2.373446665086842433e+00 -1.016974762096024658e-02 -2.330320202559309477e-03 9.999455714309098964e-01 1.235687882728668114e+02
9.998521161980723493e-01 1.270744124262723242e-02 1.158734890166404456e-02 -7.575726782411271731e-01 -1.272205823340994552e-02 9.999183649712182209e-01 1.188553591794016965e-03 -2.399566612063305460e+00 -1.157130012987583716e-02 -1.335792065950462031e-03 9.999321580271177679e-01 1.249046167346561163e+02
9.998271234358846460e-01 1.364939429430529240e-02 1.262605471586735612e-02 -7.535770223929737499e-01 -1.365688257962181795e-02 9.999066119207448144e-01 5.069809338608166670e-04 -2.423931564879673317e+00 -1.261795633593328948e-02 -6.793251368843026584e-04 9.999201596526730018e-01 1.262472783360950928e+02
9.998206982991626468e-01 1.324492062633352181e-02 1.353304518154164506e-02 -7.473321813513053025e-01 -1.325018786438960337e-02 9.999121675516104979e-01 2.995604641509458529e-04 -2.454189860328494177e+00 -1.352788968924426884e-02 -4.788214399570510848e-04 9.999083792605218957e-01 1.275954467962198606e+02
9.998095065629287737e-01 1.289049438407859419e-02 1.465556971280911752e-02 -7.355944448198422636e-01 -1.291052525685394518e-02 9.999158454705479038e-01 1.272928618685359664e-03 -2.481346622139199098e+00 -1.463792859680822060e-02 -1.461896551781590977e-03 9.998917910897254790e-01 1.289400638317190158e+02
9.998246918110703652e-01 1.094156129344635645e-02 1.519433677133598566e-02 -7.277566461830962119e-01 -1.097630954820053885e-02 9.999373265426406698e-01 2.205366927873175266e-03 -2.502795868748615149e+00 -1.516925527215908821e-02 -2.371757383512657340e-03 9.998821272751053923e-01 1.302721547881130277e+02
9.998230121071832732e-01 1.042417784992342653e-02 1.566144843134092621e-02 -7.151688620049315714e-01 -1.046314064457034600e-02 9.999423607134381164e-01 2.407896433020668883e-03 -2.530045257712176809e+00 -1.563544635503295172e-02 -2.571337536053687044e-03 9.998744526305696212e-01 1.316082742787281745e+02
9.998381493335281034e-01 8.785429349113022326e-03 1.570004340502784493e-02 -7.000293204099166111e-01 -8.829145718575634808e-03 9.999573303385893563e-01 2.717298344096636970e-03 -2.555632706592243064e+00 -1.567550183900038446e-02 -2.855475856787840442e-03 9.998730543834689621e-01 1.329388651203144605e+02
9.998574130443226293e-01 6.650545566604986782e-03 1.552172103767803304e-02 -6.855851912698599504e-01 -6.704799411267879129e-03 9.999715853008724897e-01 3.445906754810816163e-03 -2.577350288323435379e+00 -1.549836379923768930e-02 -3.549484789943867149e-03 9.998735929400147660e-01 1.342987599696907921e+02
9.998754556501189272e-01 4.798621078402761156e-03 1.503484049238347324e-02 -6.674283105884097900e-01 -4.847845322135560346e-03 9.999830026571548958e-01 3.239260041251449621e-03 -2.601600473410599079e+00 -1.501904188457716706e-02 -3.311742535546034066e-03 9.998817233672472327e-01 1.356321716853328212e+02
9.998903663573173173e-01 4.621972282574719065e-03 1.406743199992454250e-02 -6.542891761402060968e-01 -4.667081281759019769e-03 9.999840672516288054e-01 3.175469702420209879e-03 -2.629537593417611507e+00 -1.405253177852770589e-02 -3.240774756579448048e-03 9.998960064481967613e-01 1.369605525372826662e+02
9.999167907363861740e-01 1.842261907721208297e-03 1.276783791782505444e-02 -6.477909711822346095e-01 -1.892517376210328976e-03 9.999905058332588803e-01 3.925127930493444925e-03 -2.648124285017134039e+00 -1.276048631864891945e-02 -3.948964035346481938e-03 9.999107838465045583e-01 1.382922348876413992e+02
9.999305609136160955e-01 9.174940410917035343e-04 1.174868365851200989e-02 -6.368312657027801471e-01 -9.677124359203692671e-04 9.999904177876240974e-01 4.269411233868082751e-03 -2.672715689403623252e+00 -1.174465456906728482e-02 -4.280483480497971130e-03 9.999218672129185359e-01 1.396616689165800835e+02
9.999459646102965005e-01 1.085529011246276487e-04 1.039500306586127985e-02 -6.315574393889420435e-01 -1.508758415537706746e-04 9.999917029840166283e-01 4.070774465753978881e-03 -2.695486242470370275e+00 -1.039447545828271410e-02 -4.072122214398363714e-03 9.999376843992183739e-01 1.410080448019329253e+02
9.999555692411722374e-01 2.663274501563640752e-04 9.422771638679416570e-03 -6.259059237376078944e-01 -3.009693197411944022e-04 9.999932012374527224e-01 3.675173638783229765e-03 -2.722443978804797382e+00 -9.421729228286192248e-03 -3.677845666004203942e-03 9.999488509177073547e-01 1.423677357566197088e+02
9.999662715421931969e-01 -3.754761343052999759e-04 8.204560188613266997e-03 -6.256603236706446136e-01 3.504030553221477952e-04 9.999952652913208784e-01 3.057223550620551730e-03 -2.734689465783614715e+00 -8.205669606984999226e-03 -3.054244873201688703e-03 9.999616685444545627e-01 1.436870311277117480e+02
9.999727679038209471e-01 -1.036581854764460995e-03 7.306775020237669775e-03 -6.139182946275499875e-01 1.030502081782207289e-03 9.999991197493265371e-01 8.358023219949355619e-04 -2.770872990923796131e+00 -7.307635241872201780e-03 -8.282492117721448281e-04 9.999729558631124116e-01 1.450263667544543011e+02
9.999588799224666813e-01 -6.231547255878992948e-03 6.588345796016826031e-03 -6.075688050858466527e-01 6.230157485942021053e-03 9.999805655776095037e-01 2.315118617369727133e-04 -2.801009469538822572e+00 -6.589660647796761334e-03 -1.904551913832911781e-04 9.999782698079620058e-01 1.463817160141067859e+02
9.998703156249040269e-01 -1.517012902019325774e-02 5.405472710679589537e-03 -5.958093997869317038e-01 1.515461712677846143e-02 9.998809585906869302e-01 2.899348566455565556e-03 -2.819079630525902935e+00 -5.448812843626860136e-03 -2.817054024075409460e-03 9.999811871390823503e-01 1.477136650047686146e+02
9.997127264822645021e-01 -2.367277080068297748e-02 3.750258550141685483e-03 -5.817181460856689634e-01 2.365712423090090069e-02 9.997114618015071619e-01 4.163366420614375736e-03 -2.837972670487222349e+00 -3.847734855544767199e-03 -4.073449409953321110e-03 9.999843008438124015e-01 1.490825106160332041e+02
9.996855161464208717e-01 -2.493510879183309312e-02 2.666300808906924870e-03 -5.702223372131656198e-01 2.493205253268512139e-02 9.996884586789294147e-01 1.174028576127968820e-03 -2.872696887896476259e+00 -2.694744560301682006e-03 -1.107182299409904596e-03 9.999957562371301067e-01 1.504413885641419313e+02
9.997147032888300533e-01 -2.365345694928909157e-02 3.320543476020542013e-03 -5.694778948743801639e-01 2.366027666017999839e-02 9.997179969070183470e-01 -2.029276884601687037e-03 -2.904159334156684924e+00 -3.271607594461944241e-03 2.107263690567701825e-03 9.999924279812747452e-01 1.517629995095254003e+02
9.997652633897834429e-01 -2.124692394736452106e-02 4.241032074538186002e-03 -5.774887535220167845e-01 2.126508809694323265e-02 9.997646919297801249e-01 -4.284482278795019236e-03 -2.926988030671977992e+00 -4.149002067881897744e-03 4.373663292835208195e-03 9.999818282596334429e-01 1.530835493334449495e+02
9.997803386570143225e-01 -2.032551298997644501e-02 5.113508572716594751e-03 -5.793483862332743373e-01 2.034700596928680841e-02 9.997842126084075520e-01 -4.186592387375182543e-03 -2.967081196120043174e+00 -5.027310589869300218e-03 4.289718160853995578e-03 9.999781619931454868e-01 1.544301850678039898e+02
9.997016900846605880e-01 -2.373826087203922963e-02 5.746809759704104605e-03 -5.719914633227328737e-01 2.374551153992248559e-02 9.997173196077131507e-01 -1.196476271242525322e-03 -2.993131360275811392e+00 -5.716783124830367852e-03 1.332581049376121030e-03 9.999827711567043087e-01 1.557875326523740966e+02
9.995008179857463038e-01 -3.100016361122895706e-02 6.091362549233989357e-03 -5.599797084453053131e-01 3.098809543095710356e-02 9.995176183685462457e-01 2.066041731727764549e-03 -3.019074300554250190e+00 -6.152471994603334222e-03 -1.876249972831134415e-03 9.999793131667894519e-01 1.571314298539855088e+02
9.993839565383834112e-01 -3.459226865232018638e-02 5.923035466634482028e-03 -5.496114167582366594e-01 3.457292525920997034e-02 9.993966031924210736e-01 3.338022419382332198e-03 -3.041306686500996559e+00 -6.034931458050205727e-03 -3.131188708045207995e-03 9.999768873555694437e-01 1.584904493192806854e+02
9.993599153905251553e-01 -3.527834211628397276e-02 5.932796314133433405e-03 -5.452260051369866023e-01 3.525922315719840633e-02 9.993727608013581731e-01 3.297298864577157852e-03 -3.075790774656716575e+00 -6.045398433795344702e-03 -3.086001841757368344e-03 9.999769646027918402e-01 1.598218589144904058e+02
9.993974180483328196e-01 -3.398724882919339219e-02 7.047531783179326187e-03 -5.380126095081118054e-01 3.396143530429129170e-02 9.994161049861384205e-01 3.751004180502210024e-03 -3.090883106470116548e+00 -7.170903336521572066e-03 -3.509398923443434511e-03 9.999681306164731609e-01 1.611854033133328983e+02
9.994809752370377165e-01 -3.115946997876226782e-02 8.177259152081143775e-03 -5.434851661645144771e-01 3.113517265355661076e-02 9.995104304672597362e-01 3.082276534565349564e-03 -3.110855623594604769e+00 -8.269298271476131085e-03 -2.826075694082201377e-03 9.999618152640330493e-01 1.625289574824773524e+02
9.996035949858889103e-01 -2.664426140250323802e-02 9.095945990669205769e-03 -5.436491669681691175e-01 2.663576867282718003e-02 9.996446495689464973e-01 1.053765007849802532e-03 -3.137644658447952484e+00 -9.120790959809122952e-03 -8.110690528084421721e-04 9.999580757836687983e-01 1.638758010985797569e+02
9.996781733620714316e-01 -2.329407106509544939e-02 1.004668953781352389e-02 -5.402497530339437359e-01 2.329159103169577139e-02 9.997286478458053960e-01 3.639539287503968778e-04 -3.164669855610827032e+00 -1.005244182234989354e-02 -1.298326791055223587e-04 9.999494644945442490e-01 1.652073231605382659e+02
9.996905648476571704e-01 -2.259644413713560868e-02 1.040073468770663298e-02 -5.344316740925438847e-01 2.258194464497282478e-02 9.997438556750516403e-01 1.509574572310161790e-03 -3.184870824613549534e+00 -1.043218215398856834e-02 -1.274237929042109415e-03 9.999447714137029708e-01 1.666045264642161214e+02
9.997152326745664119e-01 -2.159896885656006557e-02 1.014584245177208369e-02 -5.317707240211908548e-01 2.158657866252201851e-02 9.997660989503898143e-01 1.329288912389402395e-03 -3.208852912605764995e+00 -1.017218111458710432e-02 -1.109895633039735714e-03 9.999476460534231226e-01 1.679674603433921334e+02
9.997717943125894458e-01 -1.900788754739233394e-02 9.749847527321995819e-03 -5.293265688725589113e-01 1.901915018773954122e-02 9.998185538676116479e-01 -1.063607154140543696e-03 -3.240318440515762788e+00 -9.727862010735978393e-03 1.248799006648723111e-03 9.999519034382543525e-01 1.693124368097886077e+02
9.998593952286203290e-01 -1.385795689668727765e-02 9.441759648246070627e-03 -5.244326655759908862e-01 1.389599788143536414e-02 9.998955436794428886e-01 -3.975293432913527478e-03 -3.278888408955092260e+00 -9.385684406205786062e-03 4.105937971142227874e-03 9.999475237200616817e-01 1.707022417396303524e+02
9.999223508953792861e-01 -8.220178596401162691e-03 9.365941726395831529e-03 -5.192386303537330772e-01 8.268474740487929270e-03 9.999526590966560935e-01 -5.129510224145332822e-03 -3.311660264024871125e+00 -9.323333294609388588e-03 5.206554803567201017e-03 9.999429819931283658e-01 1.720507631567426188e+02
9.999445544975855693e-01 -4.242940465960937969e-03 9.637707438966370763e-03 -5.210654162216087348e-01 4.285034374433297800e-03 9.999813527952458037e-01 -4.351152790190661659e-03 -3.341071603109201593e+00 -9.619066515558221883e-03 4.392210255857062658e-03 9.999440894575040151e-01 1.734330632617226229e+02
9.999458741755306024e-01 -1.396785501292774649e-03 1.031007877617387547e-02 -5.278640342079912173e-01 1.419171460271888415e-03 9.999966509550356486e-01 -2.164261095362155028e-03 -3.372154875778880623e+00 -1.030702177046317197e-02 2.178776487088444555e-03 9.999445075724275878e-01 1.748177600627376194e+02
9.999441210889278286e-01 -1.488369140425838079e-03 1.046611064115276005e-02 -5.202684429863232429e-01 1.489751991882384699e-03 9.999988825900297806e-01 -1.243195031079632898e-04 -3.395668660211859979e+00 -1.046591445643994464e-02 1.399051900436395265e-04 9.999452210232925298e-01 1.761766076110479560e+02
9.999472966005551466e-01 -3.528475784912039545e-03 9.641260132201156727e-03 -5.136785149833701380e-01 3.519875422048282607e-03 9.999933921771081424e-01 9.088869881322222304e-04 -3.426444492624406646e+00 -9.644403883356973683e-03 -8.749023466069865947e-04 9.999531089030744280e-01 1.775821418555203763e+02
