1.000000000000000222e+00 1.197624929303643816e-11 1.704637994953052827e-10 -5.551115123125782702e-17 1.197625250050920743e-11 1.000000000000000000e+00 3.562502997033688734e-10 1.387778780781445676e-17 1.704638000188133909e-10 3.562503002113856206e-10 1.000000000000000222e+00 3.330669073875469621e-16
9.999998424729864555e-01 -5.115889994873483492e-04 -2.309349986035766421e-04 -4.463209550762361165e-03 5.116959598229789625e-04 9.999997618565243940e-01 4.630917204495216028e-04 -3.328288872119888886e-02 2.306983918018320459e-04 -4.632091124255785747e-04 9.999998661077376116e-01 1.311402920719914267e+00
9.999986477896101178e-01 -1.615527640704706586e-03 -3.073940286920592044e-04 -1.572146110252293713e-02 1.615765136974549885e-03 9.999983954859352764e-01 7.735161168844558073e-04 -4.813551176690511468e-02 3.061442663269899229e-04 -7.740110492430675362e-04 9.999996535910820050e-01 2.625521389219867441e+00
9.999968694565641858e-01 -2.418992516531573173e-03 -6.399642720244279673e-04 -2.227058322944182669e-02 2.419331018463703915e-03 9.999969338034129240e-01 5.284112350528612960e-04 -8.198231086900294173e-02 6.386844824304061018e-04 -5.299571628503168446e-04 9.999996556140952064e-01 3.941130133354283416e+00
9.999952308761475006e-01 -3.083242091742579606e-03 -1.784573385341535392e-04 -3.144405205179993945e-02 3.083282652637730440e-03 9.999952210875001635e-01 2.261996583465629277e-04 -1.011141527632334475e-01 1.777594137349413164e-04 -2.267481037375528681e-04 9.999999584934963215e-01 5.257861179769635740e+00
9.999943642235720187e-01 -3.336550190744108635e-03 -3.727702147186047368e-04 -4.273027303947823929e-02 3.336849724797612791e-03 9.999941085458716739e-01 8.051732402370750897e-04 -1.215544936276746202e-01 3.700818907001994919e-04 -8.064118817814372973e-04 9.999996063694607251e-01 6.589029152857735383e+00
9.999892319409041663e-01 -4.625554169357671587e-03 -3.745076077602907134e-04 -3.954902213707639502e-02 4.626345921880338150e-03 9.999870070722273185e-01 2.140702435218438948e-03 -1.539703912786793694e-01 3.646011804846976500e-04 -2.142411312226974625e-03 9.999976385661601963e-01 7.910806553734480495e+00
9.999885598046998059e-01 -4.781692240531496343e-03 -1.252391026210704936e-04 -5.113002369447097739e-02 4.781982962560032274e-03 9.999856108061759841e-01 2.431217086824526141e-03 -1.696933187621311734e-01 1.136123214298537714e-04 -2.431787496342464883e-03 9.999970367451338493e-01 9.238491839903291591e+00
9.999927688147918214e-01 -3.697312085739779333e-03 -8.900586434750046121e-04 -7.470168757733092191e-02 3.698336376274494620e-03 9.999924979959076143e-01 1.151632090315493672e-03 -2.015851377862017402e-01 8.857944399559949987e-04 -1.154914807041737199e-03 9.999989407697225108e-01 1.057804256838150536e+01
9.999993010033728646e-01 -1.001317171641848353e-03 -6.287740289558071743e-04 -8.054388779856282155e-02 1.000610869983143336e-03 9.999988691034122912e-01 -1.122749659986682852e-03 -2.239985872826120161e-01 6.298979397311212916e-04 1.122120451945259100e-03 9.999991720382465088e-01 1.191057889044472162e+01
9.999973096952016194e-01 2.238357728231759897e-03 -6.085653600269137027e-04 -9.281344105680340573e-02 -2.239712156853011088e-03 9.999949966628078890e-01 -2.233906825984951355e-03 -2.511216048911780740e-01 6.035624225767293382e-04 2.235264581693223798e-03 9.999973196509076567e-01 1.324644325627899022e+01
9.999891029483906069e-01 4.637110637489660729e-03 -5.396104754373756045e-04 -1.138049109495904848e-01 -4.638275436132347114e-03 9.999868729880814211e-01 -2.177213436475840171e-03 -2.765820379331321299e-01 5.295077960235060333e-04 2.179693324771476981e-03 9.999974842781369500e-01 1.458843498473322242e+01
9.999850056845169810e-01 5.469507747836855997e-03 -2.699628574892147265e-04 -1.287098673208495747e-01 -5.469887871621073594e-03 9.999840222574193360e-01 -1.426732375893391934e-03 -3.043703037046311954e-01 2.621553819024409048e-04 1.428188385830070958e-03 9.999989457769222767e-01 1.593493798027976283e+01
9.999939544818963189e-01 3.477206988943330052e-03 4.994350837961978974e-06 -1.326450943840891961e-01 -3.477210512836300445e-03 9.999934060199046071e-01 1.047344914733909895e-03 -3.307336613581585150e-01 -1.352141438695503741e-06 -1.047355260206287320e-03 9.999994515217462965e-01 1.728831434883298712e+01
9.999993242616636024e-01 -1.063059885300386915e-03 4.705130337072556141e-04 -1.326108183856366529e-01 1.061644335585162783e-03 9.999949399803227390e-01 2.998820962389419156e-03 -3.576216449584996848e-01 -4.736982758393180112e-04 -2.998318763886180256e-03 9.999953928342892873e-01 1.863418604753911012e+01
9.999953678585880024e-01 -3.039264975722075907e-03 -1.647227918926264098e-04 -1.449380475101389176e-01 3.039475798681365217e-03 9.999945439317892149e-01 1.293712093126054858e-03 -3.875085813169418802e-01 1.607903150457152478e-04 -1.294206082218645089e-03 9.999991495875404368e-01 1.999901336984641276e+01
9.999927894447456778e-01 -3.796698504713365979e-03 7.838495193199950840e-05 -1.430523698540227540e-01 3.796787222185166785e-03 9.999921183401572211e-01 -1.160886632836870443e-03 -4.088634426613503292e-01 -7.397646356592868316e-05 1.161176611533013990e-03 9.999993230986258252e-01 2.135051791211360950e+01
9.999985671265683163e-01 -1.600880387162815317e-03 5.503910706743829137e-04 -1.455798563453910566e-01 1.602019012258164852e-03 9.999965653004833088e-01 -2.074347417223964402e-03 -4.539441844705132123e-01 -5.470681049869756570e-04 2.075226936962854853e-03 9.999976970729549386e-01 2.271082482586627194e+01
9.999988317341377275e-01 7.809371048640640408e-04 1.314027802383687651e-03 -1.797864210189932532e-01 -7.796926548406901518e-04 9.999992473353983558e-01 -9.473162375169230350e-04 -4.567722543393834544e-01 -1.314766378743325312e-03 9.462913245633785978e-04 9.999986879594191524e-01 2.407730389984100583e+01
9.999969926294267619e-01 8.030412466012492928e-04 2.317295880676013917e-03 -1.687997267018084280e-01 -8.102277994553673101e-04 9.999948605959636527e-01 3.101986093150192140e-03 -4.781059843812709986e-01 -2.314792800677902863e-03 -3.103853649339476019e-03 9.999925038810544287e-01 2.545780361132050729e+01
9.999966435370833961e-01 -1.243732333316913564e-03 2.272894822457331970e-03 -1.756748220167713981e-01 1.234171519425647729e-03 9.999904054725058389e-01 4.203068742140201632e-03 -4.985159671276772619e-01 -2.278100355799343030e-03 -4.200248860182622355e-03 9.999885840141241600e-01 2.682661993293611857e+01
9.999870502451552179e-01 -4.536658280040332773e-03 2.306097153618604824e-03 -1.677317200121166418e-01 4.528499925680926075e-03 9.999835126960948672e-01 3.530867166337354080e-03 -5.408359416143433407e-01 -2.322077322280643227e-03 -3.520377633270792023e-03 9.999911074050676918e-01 2.820048895897736685e+01
9.999840062896225845e-01 -5.223569651312895933e-03 2.168293311436737033e-03 -1.837926051740163547e-01 5.222366379501019139e-03 9.999862063232856091e-01 5.603988113011180126e-04 -5.455330467068995048e-01 -2.171190526683138434e-03 -5.490655189662191219e-04 9.999974922236638530e-01 2.956609303199052263e+01
9.999831585536742562e-01 -4.943481713093261960e-03 3.040494972712011988e-03 -1.749737392385910806e-01 4.947139719012000683e-03 9.999870468430916981e-01 -1.196639814303430017e-03 -5.930658607679715200e-01 -3.034539937795999003e-03 1.211662157160176218e-03 9.999946617046588937e-01 3.094823018879257503e+01
9.999918605124090698e-01 -2.394404625696143919e-03 3.247421295090079443e-03 -1.962450753503408030e-01 2.402707329486996300e-03 9.999938490434805427e-01 -2.555164546680504644e-03 -6.000201397450652951e-01 -3.241283157385237840e-03 2.562947119298406105e-03 9.999914626549019081e-01 3.233200794198122452e+01
9.999923763825564471e-01 -6.538642564053844322e-04 3.849629400158138207e-03 -1.910048275325482436e-01 6.704058693241115056e-04 9.999905422735341221e-01 -4.297198219557387365e-03 -6.435050041543197707e-01 -3.846783194617774040e-03 4.299747074278929826e-03 9.999833570779026459e-01 3.372290573856634666e+01
9.999914055343872565e-01 7.588857023197184638e-05 4.145250997243644930e-03 -2.029261104210947075e-01 -5.848675558024517610e-05 9.999911867814367250e-01 -4.197967736044779311e-03 -6.696241283506534359e-01 -4.145533054745405982e-03 4.197690012910986097e-03 9.999825968247042507e-01 3.511147413217348401e+01
9.999935451317708557e-01 -6.023737525456463642e-04 3.542153059637984797e-03 -1.941037178448435097e-01 6.120973305417865733e-04 9.999960461256862665e-01 -2.744643009106686495e-03 -7.044552758234555734e-01 -3.540485713907590495e-03 2.746794205117075120e-03 9.999899599892976276e-01 3.650802196372881525e+01
9.999928927238997955e-01 8.122405192215165735e-04 3.681680681399826429e-03 -1.964768284347146454e-01 -8.080886349265448175e-04 9.999990360973369796e-01 -1.129069097126973254e-03 -7.314012999958088290e-01 -3.682594179515914692e-03 1.126086685179632967e-03 9.999925851841732216e-01 3.791163353231183919e+01
9.999886098258767841e-01 3.343789284888454196e-03 3.405773366162588058e-03 -2.037957836953613600e-01 -3.340344747842055075e-03 9.999939042695662472e-01 -1.016624504954256620e-03 -7.636767812253751897e-01 -3.409151931803918768e-03 1.005237200686872256e-03 9.999936835680478531e-01 3.930087412528181545e+01
9.999776318268033259e-01 5.648529290235079249e-03 3.581893174973739113e-03 -2.243972545523527096e-01 -5.644584422895860924e-03 9.999834525013522324e-01 -1.110585314928495913e-03 -7.919261636651224734e-01 -3.588107040811593356e-03 1.090342907235539085e-03 9.999929682926510521e-01 4.069765834964863416e+01
9.999617148374145836e-01 7.892112439986479280e-03 3.779340056427955580e-03 -2.195966089750812367e-01 -7.889156964072378819e-03 9.999685629823810151e-01 -7.964074672052035139e-04 -8.177912766795575328e-01 -3.785506562622888496e-03 7.665618942368567857e-04 9.999925411305418121e-01 4.210313599882177016e+01
9.999521537368648572e-01 9.108840750640740530e-03 3.566404939293465071e-03 -2.332376988163401832e-01 -9.106322806351024174e-03 9.999582760990658459e-01 -7.217789135910295016e-04 -8.493191301166465035e-01 -3.572830666283893439e-03 6.892682664553037184e-04 9.999933798702433929e-01 4.351312231523600360e+01
9.999619968402488901e-01 8.104216017672034866e-03 3.213494534181554792e-03 -2.313657548598643532e-01 -8.101996831065416335e-03 9.999669310703771519e-01 -7.031566170063809117e-04 -8.808708993546973121e-01 -3.219086732645711369e-03 6.770948944750081059e-04 9.999945894942128266e-01 4.493032960913779306e+01
9.999686165618844047e-01 7.496061482212606694e-03 2.564165190780914264e-03 -2.401340729878153335e-01 -7.492698694620855519e-03 9.999710597884834407e-01 -1.318736353290409988e-03 -9.113684785530673516e-01 -2.573976190188389298e-03 1.299483184030460507e-03 9.999958429846365071e-01 4.634106764165002801e+01
9.999740386370684631e-01 7.046429570252659216e-03 1.506609067259460488e-03 -2.373759003843206317e-01 -7.045226808246914628e-03 9.999748601314890628e-01 -8.024322905764064194e-04 -9.427921610644951489e-01 -1.512225261876967231e-03 7.917977796498964094e-04 9.999985431133705527e-01 4.777676911238170021e+01
9.999740753336577859e-01 7.180112585561785471e-03 5.427985250993750494e-04 -2.597202686573883423e-01 -7.180075751258524312e-03 9.999742204396514511e-01 -7.059003592820537072e-05 -9.654343407698871005e-01 -5.432910819007200380e-04 6.669158011811881451e-05 9.999998501929331374e-01 4.916807264411369971e+01
9.999706248591735402e-01 7.656407441824838490e-03 -3.589248053535582504e-04 -2.601143011155314100e-01 -7.656413486061654401e-03 9.999706891445199197e-01 -1.415215169890961483e-05 -9.909644357628024647e-01 3.588063010617960780e-04 1.690051937965151435e-05 9.999999354865893864e-01 5.059962692139678353e+01
9.999667750395320187e-01 8.029989718644964247e-03 -1.402876288393028808e-03 -2.793747944978478004e-01 -8.029884699810222945e-03 9.999677566977641652e-01 8.083043490757514638e-05 -1.020974531090212523e+00 1.403480581659234802e-03 -6.956211060991660737e-05 9.999990127027615916e-01 5.204189025513135647e+01
9.999643818662525829e-01 8.003772583118922215e-03 -2.678544341846856962e-03 -2.896502927479136513e-01 -8.000710006922007525e-03 9.999673298672648869e-01 1.152326251515008865e-03 -1.044306407833153871e+00 2.687680359138913070e-03 -1.130854269333194783e-03 9.999957487649552279e-01 5.344566104792206573e+01
9.999731152477323581e-01 6.508051967561331343e-03 -3.378464103202219633e-03 -3.064324694385755499e-01 -6.501010043122645854e-03 9.999766814277258886e-01 2.091287844410475404e-03 -1.072537685284977949e+00 3.391996160997931987e-03 -2.069267527547033469e-03 9.999921062187405729e-01 5.489890130420974401e+01
9.999802839238869367e-01 4.897650246980801182e-03 -3.929982963434190332e-03 -3.134045798562333229e-01 -4.888644508856010429e-03 9.999854101576584053e-01 2.297964064056436800e-03 -1.100358634770466359e+00 3.941180925329234100e-03 -2.278705806875353217e-03 9.999896372462643290e-01 5.630966973355506866e+01
9.999857094500409493e-01 2.868766325204265451e-03 -4.511214750645639766e-03 -3.268855651675834362e-01 -2.860492635931198395e-03 9.999942169957589666e-01 1.839446740216076157e-03 -1.130982443519268354e+00 4.516466328988060115e-03 -1.826515486213656485e-03 9.999881326208144294e-01 5.772650740754827581e+01
9.999881171881589426e-01 1.904839194865159133e-03 -4.487433015538356933e-03 -3.323104096609234559e-01 -1.895173703963607889e-03 9.999958774129009687e-01 2.157192571541243636e-03 -1.160283753785575689e+00 4.491524342726528791e-03 -2.148661807847144275e-03 9.999876046583965339e-01 5.918672831515739574e+01
9.999918138386849620e-01 6.130812183049323119e-04 -3.999546932330689739e-03 -3.472187973790979987e-01 -6.021097076746218966e-04 9.999960544535319018e-01 2.743819542061932005e-03 -1.186610218109003911e+00 4.001214017338782652e-03 -2.741388259853133787e-03 9.999882374726103418e-01 6.058527239034884104e+01
9.999926961971861150e-01 -1.047625774835437510e-03 -3.675598542912003087e-03 -3.525870232093747392e-01 1.060079546521483897e-03 9.999936991866036351e-01 3.387893305039886040e-03 -1.212737440435237568e+00 3.672026793286921505e-03 -3.391764343834936888e-03 9.999875060014241646e-01 6.204065436330866135e+01
9.999909272755298506e-01 -2.798011504771638971e-03 -3.211929949131361265e-03 -3.649002842288041060e-01 2.807999764229290787e-03 9.999912233867493949e-01 3.109386878445368103e-03 -1.241728704387936588e+00 3.203202273276819188e-03 -3.118377115738083048e-03 9.999900075617998985e-01 6.346002464913284768e+01
9.999901621467452983e-01 -3.628081624527781501e-03 -2.551985882235130107e-03 -3.723483161783792683e-01 3.633687785413444379e-03 9.999909880357158443e-01 2.195485902872792213e-03 -1.268823499811002398e+00 2.543998039671017345e-03 -2.204736754130538507e-03 9.999943335905479014e-01 6.486991866652174110e+01
9.999905756177284166e-01 -3.863976206360507544e-03 -1.979485747503213419e-03 -3.844591406431517311e-01 3.867900719291183977e-03 9.999905545216827285e-01 1.982475434322085710e-03 -1.300980158606308557e+00 1.971807321801547115e-03 -1.990112530395884375e-03 9.999960757073795836e-01 6.630046149435743530e+01
9.999967616695145667e-01 -2.172529903523684556e-03 -1.325429790978550817e-03 -3.990620676085571139e-01 2.174953528321358753e-03 9.999959608074064921e-01 1.829739118955938781e-03 -1.328353963380251912e+00 1.321449728554475360e-03 -1.832615264866144754e-03 9.999974476430583126e-01 6.769165446212846859e+01
9.999997684952308674e-01 4.160957531066820578e-04 -5.383973394337803744e-04 -4.144717878421453339e-01 -4.145323391572387057e-04 9.999957070738216824e-01 2.900689772084486754e-03 -1.357647611992375047e+00 5.396023816145595342e-04 -2.900465262875124954e-03 9.999956480545907356e-01 6.915368998958190616e+01
9.999912413352163298e-01 4.176838417335565837e-03 2.669575020887537779e-04 -4.209235083334565419e-01 -4.177932664379276941e-03 9.999822918011875839e-01 4.238039115851350951e-03 -1.384600685062931325e+00 -2.492508472333517400e-04 -4.239116700823005769e-03 9.999909838383018723e-01 7.053564415896454420e+01
9.999690034758667023e-01 7.802178234398074626e-03 1.057396813178897209e-03 -4.349750288257459019e-01 -7.807162363379263614e-03 9.999580323045709207e-01 4.793940694135800928e-03 -1.412139903810122332e+00 -1.019948998922055438e-03 -4.802046754573951852e-03 9.999879499489144896e-01 7.198671495582553348e+01
9.999247417021166484e-01 1.214824886604990578e-02 1.712003505712681502e-03 -4.469798165499711540e-01 -1.215568832548637873e-02 9.999164196243728320e-01 4.403753048182736281e-03 -1.433439031656083884e+00 -1.658362324342224333e-03 -4.424231592964055285e-03 9.999888379378960579e-01 7.335587638894821794e+01
9.998747211752249120e-01 1.562978497120103352e-02 2.500348134187459215e-03 -4.590561247788584320e-01 -1.563956459907201585e-02 9.998699303106416414e-01 3.940371173004066606e-03 -1.459093624096645225e+00 -2.438435623511904949e-03 -3.978981260088203936e-03 9.999891108057384903e-01 7.474024268489219480e+01
9.998433070938427258e-01 1.738959848246827630e-02 3.311054726825506372e-03 -4.660742385862897685e-01 -1.740193429917808246e-02 9.998416036503118276e-01 3.733677030756411656e-03 -1.483304515970452542e+00 -3.245603054842919818e-03 -3.790710119860253319e-03 9.999875482057848375e-01 7.616302148979315234e+01
9.998402016285359295e-01 1.747768623976397179e-02 3.755216455868884765e-03 -4.722900327582518210e-01 -1.749314763679759091e-02 9.998384765812959873e-01 4.124389127856631539e-03 -1.509269538698182256e+00 -3.682525089405186674e-03 -4.189419993635999651e-03 9.999844437574681999e-01 7.752532050439842237e+01
9.998679308989395498e-01 1.584777782252972181e-02 3.601203035822557030e-03 -4.733132909407307132e-01 -1.586218339933070237e-02 9.998661577682704804e-01 4.007210205979747780e-03 -1.537491500079849027e+00 -3.537215621511920292e-03 -4.063803297305818366e-03 9.999854866929984709e-01 7.896112625240667171e+01
9.998723143026833071e-01 1.555822253039271762e-02 3.646473521341439539e-03 -4.807793966829848609e-01 -1.556963308779633903e-02 9.998739127826842266e-01 3.121715269978689745e-03 -1.564802422316633912e+00 -3.597445368338155012e-03 -3.178090285613793635e-03 9.999884789926862805e-01 8.032104566276490232e+01
9.998788667889645376e-01 1.520303899826647674e-02 3.334564623459682249e-03 -4.814782315539075652e-01 -1.521362165401334704e-02 9.998792371272574586e-01 3.171264864258474710e-03 -1.593059285152937488e+00 -3.285949003615899495e-03 -3.221610883390207090e-03 9.999894118199786908e-01 8.171697892996695600e+01
9.998904437081201912e-01 1.448418362707839732e-02 3.051061299618875160e-03 -4.902353697098649765e-01 -1.449405995435409586e-02 9.998897067053299503e-01 3.239859748195431273e-03 -1.617166371131439462e+00 -3.003797975728232910e-03 -3.283726427537657019e-03 9.999900971152054785e-01 8.314585321649060745e+01
9.998898508755867942e-01 1.460329929310316167e-02 2.651364525827017149e-03 -4.960046423658154846e-01 -1.461098434775347926e-02 9.998890417031248701e-01 2.902319561488742646e-03 -1.648850041692978330e+00 -2.608686771851424606e-03 -2.940738273720508531e-03 9.999922733715643774e-01 8.451573853497774280e+01
9.998884963816403459e-01 1.481210725526233354e-02 1.896377674596036239e-03 -5.004618946373416977e-01 -1.481799299769016171e-02 9.998853157890399412e-01 3.127681951673681911e-03 -1.671084974031848081e+00 -1.849832443320644990e-03 -3.155433074515845340e-03 9.999933106547695960e-01 8.589531598388875011e+01
9.999044323158164937e-01 1.379100806617201622e-02 9.665915941722132100e-04 -5.081372873581798677e-01 -1.379464259032299640e-02 9.998974019722649542e-01 3.859197281049467094e-03 -1.697279626027087707e+00 -9.132699370111863882e-04 -3.872161625753282356e-03 9.999920861165052521e-01 8.725776666509251811e+01
9.999271194073156011e-01 1.207048545747773337e-02 -2.433622405885585752e-04 -5.131757447918001702e-01 -1.206915579949786356e-02 9.999152647079155853e-01 4.878413331380873977e-03 -1.723970847046221389e+00 3.022268059336877906e-04 -4.875120006019375250e-03 9.999880708581840860e-01 8.863000806239924145e+01
9.999535094478626540e-01 9.497150662994117282e-03 -1.668246687005224592e-03 -5.286655275617725414e-01 -9.487954500678423900e-03 9.999402079590489212e-01 5.436842226349019279e-03 -1.747347532103148415e+00 1.719781938803913819e-03 -5.420760618885850715e-03 9.999838287202361675e-01 9.002061163342055750e+01
9.999642016767518182e-01 8.113715708666185272e-03 -2.400616394139851780e-03 -5.376723128373885885e-01 -8.100621707771213723e-03 9.999525277997064476e-01 5.414988304207673728e-03 -1.772697875839504444e+00 2.444438658484867060e-03 -5.395347373440091340e-03 9.999824573190492227e-01 9.138218123550767302e+01
9.999745558591380812e-01 6.671944491481960997e-03 -2.524434796993918657e-03 -5.482644452959307690e-01 -6.659102303523719256e-03 9.999650158049372406e-01 5.061970183391121571e-03 -1.797868462410110446e+00 2.558120226398098284e-03 -5.045030310425132475e-03 9.999840017171435225e-01 9.274073862916210942e+01
9.999798650844006209e-01 5.609481583995717599e-03 -2.967005812913606645e-03 -5.643401833101072684e-01 -5.595389495499107982e-03 9.999731264569270417e-01 4.736876278929135105e-03 -1.821332212378694582e+00 2.993498096454059402e-03 -4.720178736381630373e-03 9.999843793197606967e-01 9.409064859364676181e+01
9.999791258938224292e-01 5.591339909009289573e-03 -3.238004831247356594e-03 -5.793283373207488429e-01 -5.577725845017531166e-03 9.999756307453842030e-01 4.198440861120175498e-03 -1.842821888559217580e+00 3.261401452889005521e-03 -4.180291895957200833e-03 9.999859441128394755e-01 9.545593637557648492e+01
9.999794230945875384e-01 5.512385839766561699e-03 -3.281306212341435994e-03 -5.969676921590540974e-01 -5.500938857418359758e-03 9.999787882663973004e-01 3.487506827705361741e-03 -1.869740664427230747e+00 3.300461715611770555e-03 -3.469384163488372849e-03 9.999885350992403499e-01 9.681783391685110018e+01
9.999748901273942669e-01 6.399904094350903488e-03 -3.043077641852897156e-03 -6.137857259678655142e-01 -6.391176913277107734e-03 9.999754601696873024e-01 2.869134429911679787e-03 -1.898674958808319824e+00 3.061365751890786097e-03 -2.849612889743162025e-03 9.999912538368055381e-01 9.818530013513694144e+01
9.999674625956794793e-01 7.602490015008544696e-03 -2.697382565814057404e-03 -6.333254792574191105e-01 -7.594340846247879702e-03 9.999666058710880989e-01 3.018799299943147538e-03 -1.920299259080678667e+00 2.720243453284410234e-03 -2.998215588034384895e-03 9.999918054572947135e-01 9.953458478218124128e+01
9.999640247635560586e-01 8.094397687316252227e-03 -2.535721015407760466e-03 -6.494760100258986091e-01 -8.083198406895973284e-03 9.999576661419569135e-01 4.396345039555489380e-03 -1.951063745488804235e+00 2.571199994808343048e-03 -4.375689525925866540e-03 9.999871210534100330e-01 1.008922129416591389e+02
9.999589399311786808e-01 8.670947332548457551e-03 -2.633077776840703904e-03 -6.614809559051454402e-01 -8.655844991807815775e-03 9.999463256471605721e-01 5.694049296479031068e-03 -1.970398740381524183e+00 2.682309821157280970e-03 -5.671023393395486188e-03 9.999803221601460956e-01 1.022182810590980324e+02
9.999644748010291240e-01 8.102009584864637917e-03 -2.325199651466637162e-03 -6.731296718900143805e-01 -8.091445084913200664e-03 9.999570585789705479e-01 4.517691550238297528e-03 -1.997049591312459738e+00 2.361702727856073835e-03 -4.498716217316077286e-03 9.999870918731195157e-01 1.035658946400098586e+02
9.999625423113686074e-01 8.381149041691189627e-03 -2.161085706843376888e-03 -6.886474580805389545e-01 -8.376598143273357444e-03 9.999626967376356035e-01 2.106598479169133949e-03 -2.021433406518386100e+00 2.178661333265680816e-03 -2.088416361156795933e-03 9.999954459668529694e-01 1.049137381412434138e+02
9.999659000130084463e-01 7.995701603148448744e-03 -2.065803671340847233e-03 -7.010508884387625095e-01 -7.993728108965068163e-03 9.999675868680504287e-01 9.620510483912851282e-04 -2.048060372374829630e+00 2.073429501658151548e-03 -9.455040834984656346e-04 9.999974034545329182e-01 1.062421257013646709e+02
9.999819486300961513e-01 5.650538330022789567e-03 -2.042991465593752866e-03 -7.155076174634100727e-01 -5.646236935445742358e-03 9.999818437484478961e-01 2.105278021032743613e-03 -2.077167184645112741e+00 2.054850842535612451e-03 -2.093704138740288840e-03 9.999956969873498025e-01 1.075869527455708834e+02
9.999953281427246266e-01 2.609792748569928367e-03 -1.591435104618972975e-03 -7.224664011522501372e-01 -2.603296370078976747e-03 9.999883261620308161e-01 4.070675270073455081e-03 -2.097874325750368030e+00 1.602040624602460136e-03 -4.066512646161659326e-03 9.999904484241398661e-01 1.088884091920641595e+02
9.999993677509951828e-01 7.419503769164802415e-04 -8.449873144337736747e-04 -7.320400815849775755e-01 -7.380289465894204022e-04 9.999890011247954957e-01 4.631732881111751653e-03 -2.126435370029544192e+00 8.484149526981060859e-04 -4.631105707642878266e-03 9.999889164627318028e-01 1.102557080937667280e+02
9.999998999448392878e-01 4.429699112463049556e-04 -6.234226947876595566e-05 -7.384888253514065859e-01 -4.427506481668469648e-04 9.999938668264646280e-01 3.474231756259244831e-03 -2.150352899226534831e+00 6.388121628539818143e-05 -3.474203162947091510e-03 9.999939628954727100e-01 1.115795878037772155e+02
9.999971164643914889e-01 2.279533350066780071e-03 7.555049472506845162e-04 -7.457143364905280958e-01 -2.280370747997779047e-03 9.999967847553674627e-01 1.109231058487508258e-03 -2.172901259755141368e+00 -7.529737109100031632e-04 -1.110950001922889887e-03 9.999990994083817197e-01 1.128928225359262854e+02
9.999852475969120968e-01 5.082704623771556497e-03 1.915906027593796161e-03 -7.544953452983200748e-01 -5.081186286456733890e-03 9.999867733358865918e-01 -7.966855658649495088e-04 -2.206563581263865093e+00 -1.919929826237971610e-03 7.869394630249037462e-04 9.999978472940596053e-01 1.142332774989446307e+02
9.999659930346123105e-01 7.556055686228345739e-03 3.304358782060517769e-03 -7.642442089760608237e-01 -7.552697133463303486e-03 9.999709497394659863e-01 -1.027841170200603001e-03 -2.227581565746068470e+00 -3.312029154945933876e-03 1.002850124418044019e-03 9.999940123567424566e-01 1.155539692405977377e+02
9.999470539301222871e-01 9.027222786703243892e-03 4.939491270254219024e-03 -7.653608554632550520e-01 -9.031567419500650257e-03 9.999588465968340945e-01 8.578597279691625851e-04 -2.257332343331390767e+00 -4.931543978193928673e-03 -9.024249644210784573e-04 9.999874326675689540e-01 1.169047036927636043e+02
9.999487264935773556e-01 8.387695941965499224e-03 5.673705326211826890e-03 -7.695928223411568903e-01 -8.405614861243639394e-03 9.999597368496846439e-01 3.141709721767806020e-03 -2.281032575481526159e+00 -5.647125313411033472e-03 -3.189238969454103855e-03 9.999789691371813172e-01 1.182175005651165804e+02
9.999446192251824073e-01 8.074241995250726681e-03 6.750192023671695157e-03 -7.670447905668394961e-01 -8.099712819167551731e-03 9.999601484422149245e-01 3.754490806637994765e-03 -2.307551555480482630e+00 -6.719608575125577549e-03 -3.808956860379101358e-03 9.999701689012640005e-01 1.195670033329736412e+02
9.999327709793819352e-01 8.537006257547212484e-03 7.846848988714323972e-03 -7.637454937895300500e-01 -8.561229829253025683e-03 9.999586743467198113e-01 3.058588651349799722e-03 -2.330161793945918713e+00 -7.820413840155361965e-03 -3.125561052562330147e-03 9.999645353608156428e-01 1.209019686334728476e+02
9.999109924014721873e-01 9.827871465926313332e-03 9.023314685711322086e-03 -7.689675150799772929e-01 -9.851628854911377228e-03 9.999481117271812325e-01 2.592158782500385891e-03 -2.351849700041325431e+00 -8.997371496114042744e-03 -2.680821748800462073e-03 9.999559292710852310e-01 1.222311470962372084e+02
9.998815637177244087e-01 1.152826438879530485e-02 1.019596214302098507e-02 -7.671772643606190600e-01 -1.155139750126667024e-02 9.999308319768502873e-01 2.212805333095291781e-03 -2.373446665086842433e+00 -1.016974762096025872e-02 -2.330320202559311212e-03 9.999455714309105625e-01 1.235687882728667972e+02
9.998521161980745697e-01 1.270744124262723415e-02 1.158734890166406538e-02 -7.575726782411283944e-01 -1.272205823340995072e-02 9.999183649712186650e-01 1.188553591794005906e-03 -2.399566612063305460e+00 -1.157130012987585277e-02 -1.335792065950462031e-03 9.999321580271184340e-01 1.249046167346561020e+02
9.998271234358868664e-01 1.364939429430529934e-02 1.262605471586738214e-02 -7.535770223929748601e-01 -1.365688257962181969e-02 9.999066119207453696e-01 5.069809338608054997e-04 -2.423931564879673317e+00 -1.261795633593330683e-02 -6.793251368843017911e-04 9.999201596526736679e-01 1.262472783360950785e+02
9.998206982991648673e-01 1.324492062633353222e-02 1.353304518154167281e-02 -7.473321813513063017e-01 -1.325018786438960511e-02 9.999121675516111640e-01 2.995604641509371792e-04 -2.454189860328494177e+00 -1.352788968924428618e-02 -4.788214399570502175e-04 9.999083792605224508e-01 1.275954467962198464e+02
9.998095065629308831e-01 1.289049438407860286e-02 1.465556971280914875e-02 -7.355944448198432628e-01 -1.291052525685394345e-02 9.999158454705485699e-01 1.272928618685350991e-03 -2.481346622139199987e+00 -1.463792859680823275e-02 -1.461896551781590109e-03 9.998917910897260342e-01 1.289400638317190158e+02
9.998246918110725856e-01 1.094156129344635991e-02 1.519433677133601689e-02 -7.277566461830968780e-01 -1.097630954820053364e-02 9.999373265426413360e-01 2.205366927873167460e-03 -2.502795868748615593e+00 -1.516925527215909862e-02 -2.371757383512653871e-03 9.998821272751058364e-01 1.302721547881130562e+02
9.998230121071854937e-01 1.042417784992342479e-02 1.566144843134095743e-02 -7.151688620049329037e-01 -1.046314064457034426e-02 9.999423607134387826e-01 2.407896433020662811e-03 -2.530045257712176809e+00 -1.563544635503295518e-02 -2.571337536053683575e-03 9.998744526305698432e-01 1.316082742787281461e+02
9.998381493335302128e-01 8.785429349113018857e-03 1.570004340502787962e-02 -7.000293204099176103e-01 -8.829145718575629603e-03 9.999573303385900225e-01 2.717298344096631766e-03 -2.555632706592243508e+00 -1.567550183900039487e-02 -2.855475856787837840e-03 9.998730543834692952e-01 1.329388651203144320e+02
9.998574130443247387e-01 6.650545566604978108e-03 1.552172103767806600e-02 -6.855851912698611716e-01 -6.704799411267871323e-03 9.999715853008731559e-01 3.445906754810810959e-03 -2.577350288323435379e+00 -1.549836379923769797e-02 -3.549484789943864547e-03 9.998735929400150990e-01 1.342987599696907353e+02
9.998754556501209256e-01 4.798621078402749013e-03 1.503484049238350620e-02 -6.674283105884109002e-01 -4.847845322135551673e-03 9.999830026571555619e-01 3.239260041251443550e-03 -2.601600473410599523e+00 -1.501904188457717400e-02 -3.311742535546030163e-03 9.998817233672474547e-01 1.356321716853327644e+02
9.998903663573194267e-01 4.621972282574705188e-03 1.406743199992457373e-02 -6.542891761402082063e-01 -4.667081281759012830e-03 9.999840672516294715e-01 3.175469702420205976e-03 -2.629537593417611507e+00 -1.405253177852771457e-02 -3.240774756579444579e-03 9.998960064481968724e-01 1.369605525372825809e+02
9.999167907363880614e-01 1.842261907721190950e-03 1.276783791782508219e-02 -6.477909711822369410e-01 -1.892517376210317483e-03 9.999905058332594354e-01 3.925127930493440588e-03 -2.648124285017134483e+00 -1.276048631864892639e-02 -3.948964035346478468e-03 9.999107838465045583e-01 1.382922348876413423e+02
9.999305609136180939e-01 9.174940410916809829e-04 1.174868365851203765e-02 -6.368312657027817014e-01 -9.677124359203587503e-04 9.999904177876245415e-01 4.269411233868077547e-03 -2.672715689403623252e+00 -1.174465456906729176e-02 -4.280483480497968528e-03 9.999218672129185359e-01 1.396616689165800551e+02
9.999459646102983879e-01 1.085529011246068321e-04 1.039500306586130587e-02 -6.315574393889433757e-01 -1.508758415537601579e-04 9.999917029840170724e-01 4.070774465753971942e-03 -2.695486242470370275e+00 -1.039447545828271931e-02 -4.072122214398359377e-03 9.999376843992183739e-01 1.410080448019328969e+02
9.999555692411741248e-01 2.663274501563415238e-04 9.422771638679442591e-03 -6.259059237376095597e-01 -3.009693197411848070e-04 9.999932012374530554e-01 3.675173638783223260e-03 -2.722443978804797826e+00 -9.421729228286195718e-03 -3.677845666004200906e-03 9.999488509177073547e-01 1.423677357566196520e+02
9.999662715421951953e-01 -3.754761343053251293e-04 8.204560188613291283e-03 -6.256603236706461679e-01 3.504030553221573903e-04 9.999952652913211004e-01 3.057223550620542622e-03 -2.734689465783615159e+00 -8.205669606985004430e-03 -3.054244873201686968e-03 9.999616685444547848e-01 1.436870311277116912e+02
9.999727679038228345e-01 -1.036581854764486148e-03 7.306775020237691459e-03 -6.139182946275517638e-01 1.030502081782219649e-03 9.999991197493268702e-01 8.358023219949273219e-04 -2.770872990923796131e+00 -7.307635241872209586e-03 -8.282492117721413586e-04 9.999729558631126336e-01 1.450263667544542159e+02
9.999588799224685687e-01 -6.231547255879028510e-03 6.588345796016845980e-03 -6.075688050858485401e-01 6.230157485942032329e-03 9.999805655776097257e-01 2.315118617369637687e-04 -2.801009469538822572e+00 -6.589660647796766538e-03 -1.904551913832885760e-04 9.999782698079622278e-01 1.463817160141067006e+02
9.998703156249059143e-01 -1.517012902019330978e-02 5.405472710679606885e-03 -5.958093997869337022e-01 1.515461712677847357e-02 9.998809585906871522e-01 2.899348566455555581e-03 -2.819079630525902935e+00 -5.448812843626866208e-03 -2.817054024075409027e-03 9.999811871390826834e-01 1.477136650047685293e+02
9.997127264822665005e-01 -2.367277080068304340e-02 3.750258550141701962e-03 -5.817181460856708508e-01 2.365712423090091457e-02 9.997114618015074949e-01 4.163366420614367062e-03 -2.837972670487222349e+00 -3.847734855544773704e-03 -4.073449409953321977e-03 9.999843008438128455e-01 1.490825106160331472e+02
9.996855161464228701e-01 -2.493510879183316251e-02 2.666300808906939181e-03 -5.702223372131673962e-01 2.493205253268513874e-02 9.996884586789297478e-01 1.174028576127957978e-03 -2.872696887896476703e+00 -2.694744560301688945e-03 -1.107182299409904596e-03 9.999957562371306619e-01 1.504413885641419029e+02
9.997147032888321627e-01 -2.365345694928916095e-02 3.320543476020558927e-03 -5.694778948743819402e-01 2.366027666018001227e-02 9.997179969070186800e-01 -2.029276884601697011e-03 -2.904159334156684924e+00 -3.271607594461950746e-03 2.107263690567702692e-03 9.999924279812751893e-01 1.517629995095253719e+02
9.997652633897856633e-01 -2.124692394736458698e-02 4.241032074538205951e-03 -5.774887535220186718e-01 2.126508809694324653e-02 9.997646919297805690e-01 -4.284482278795033114e-03 -2.926988030671978436e+00 -4.149002067881903816e-03 4.373663292835210797e-03 9.999818282596341090e-01 1.530835493334449779e+02
9.997803386570167650e-01 -2.032551298997651093e-02 5.113508572716616435e-03 -5.793483862332761136e-01 2.034700596928682229e-02 9.997842126084078851e-01 -4.186592387375199890e-03 -2.967081196120044062e+00 -5.027310589869308892e-03 4.289718160853994711e-03 9.999781619931463750e-01 1.544301850678040182e+02
9.997016900846630305e-01 -2.373826087203930596e-02 5.746809759704128023e-03 -5.719914633227347611e-01 2.374551153992249600e-02 9.997173196077133728e-01 -1.196476271242538766e-03 -2.993131360275811836e+00 -5.716783124830376525e-03 1.332581049376118428e-03 9.999827711567049748e-01 1.557875326523741251e+02
9.995008179857486352e-01 -3.100016361122906114e-02 6.091362549234011041e-03 -5.599797084453073115e-01 3.098809543095711050e-02 9.995176183685464677e-01 2.066041731727751973e-03 -3.019074300554250634e+00 -6.152471994603341161e-03 -1.876249972831139619e-03 9.999793131667901180e-01 1.571314298539854803e+02
9.993839565383857426e-01 -3.459226865232029047e-02 5.923035466634503712e-03 -5.496114167582389909e-01 3.457292525920998422e-02 9.993966031924212956e-01 3.338022419382320055e-03 -3.041306686500996115e+00 -6.034931458050212666e-03 -3.131188708045211464e-03 9.999768873555698878e-01 1.584904493192806285e+02
9.993599153905273758e-01 -3.527834211628407685e-02 5.932796314133452487e-03 -5.452260051369892668e-01 3.525922315719842021e-02 9.993727608013582842e-01 3.297298864577147010e-03 -3.075790774656716131e+00 -6.045398433795350773e-03 -3.086001841757370513e-03 9.999769646027919512e-01 1.598218589144902921e+02
9.993974180483348180e-01 -3.398724882919348933e-02 7.047531783179349606e-03 -5.380126095081145809e-01 3.396143530429129864e-02 9.994161049861386426e-01 3.751004180502200049e-03 -3.090883106470116548e+00 -7.170903336521578138e-03 -3.509398923443436246e-03 9.999681306164732719e-01 1.611854033133327846e+02
9.994809752370400480e-01 -3.115946997876236496e-02 8.177259152081169796e-03 -5.434851661645174747e-01 3.113517265355661770e-02 9.995104304672600692e-01 3.082276534565340891e-03 -3.110855623594604324e+00 -8.269298271476138024e-03 -2.826075694082201811e-03 9.999618152640330493e-01 1.625289574824772387e+02
9.996035949858913527e-01 -2.664426140250332128e-02 9.095945990669233525e-03 -5.436491669681720040e-01 2.663576867282718696e-02 9.996446495689468303e-01 1.053765007849794292e-03 -3.137644658447952484e+00 -9.120790959809129891e-03 -8.110690528084413048e-04 9.999580757836686873e-01 1.638758010985796147e+02
9.996781733620737631e-01 -2.329407106509552572e-02 1.004668953781355338e-02 -5.402497530339469556e-01 2.329159103169578179e-02 9.997286478458057291e-01 3.639539287503877705e-04 -3.164669855610827032e+00 -1.005244182234990048e-02 -1.298326791055214914e-04 9.999494644945441379e-01 1.652073231605381238e+02
9.996905648476596129e-01 -2.259644413713568153e-02 1.040073468770666247e-02 -5.344316740925466602e-01 2.258194464497283172e-02 9.997438556750518623e-01 1.509574572310152900e-03 -3.184870824613549978e+00 -1.043218215398857354e-02 -1.274237929042108548e-03 9.999447714137027488e-01 1.666045264642160078e+02
9.997152326745688544e-01 -2.159896885656013496e-02 1.014584245177210971e-02 -5.317707240211932973e-01 2.158657866252202198e-02 9.997660989503900364e-01 1.329288912389395890e-03 -3.208852912605765884e+00 -1.017218111458710952e-02 -1.109895633039733980e-03 9.999476460534226785e-01 1.679674603433920197e+02
9.997717943125919993e-01 -1.900788754739239986e-02 9.749847527322025309e-03 -5.293265688725610207e-01 1.901915018773954469e-02 9.998185538676118700e-01 -1.063607154140550851e-03 -3.240318440515764120e+00 -9.727862010735981863e-03 1.248799006648724846e-03 9.999519034382537974e-01 1.693124368097885224e+02
9.998593952286228825e-01 -1.385795689668732969e-02 9.441759648246098383e-03 -5.244326655759931066e-01 1.389599788143536761e-02 9.998955436794429996e-01 -3.975293432913535284e-03 -3.278888408955093148e+00 -9.385684406205791266e-03 4.105937971142227874e-03 9.999475237200612376e-01 1.707022417396302671e+02
9.999223508953817285e-01 -8.220178596401199120e-03 9.365941726395857550e-03 -5.192386303537355197e-01 8.268474740487936209e-03 9.999526590966563155e-01 -5.129510224145341496e-03 -3.311660264024872014e+00 -9.323333294609393793e-03 5.206554803567201885e-03 9.999429819931279217e-01 1.720507631567425051e+02
9.999445544975880118e-01 -4.242940465960965725e-03 9.637707438966396783e-03 -5.210654162216116214e-01 4.285034374433302137e-03 9.999813527952459147e-01 -4.351152790190667731e-03 -3.341071603109202037e+00 -9.619066515558225353e-03 4.392210255857064392e-03 9.999440894575034600e-01 1.734330632617224808e+02
9.999458741755330449e-01 -1.396785501292793731e-03 1.031007877617390149e-02 -5.278640342079935488e-01 1.419171460271894487e-03 9.999966509550357596e-01 -2.164261095362161099e-03 -3.372154875778881955e+00 -1.030702177046317371e-02 2.178776487088448892e-03 9.999445075724269216e-01 1.748177600627375341e+02
9.999441210889302711e-01 -1.488369140425856293e-03 1.046611064115278954e-02 -5.202684429863256854e-01 1.489751991882390771e-03 9.999988825900298917e-01 -1.243195031079686295e-04 -3.395668660211860868e+00 -1.046591445643994638e-02 1.399051900436464654e-04 9.999452210232917526e-01 1.761766076110478423e+02
9.999472966005575891e-01 -3.528475784912062964e-03 9.641260132201184482e-03 -5.136785149833723585e-01 3.519875422048289546e-03 9.999933921771083645e-01 9.088869881322184357e-04 -3.426444492624407090e+00 -9.644403883356978888e-03 -8.749023466069770537e-04 9.999531089030735398e-01 1.775821418555202627e+02
